420172760748467121
1840289971813378071
3107329528245552073
1571695405560370480
4148254264359405593
4878417773365465019
30079285034812509095
176866574428507709
61722986447595931267
128645330439118838329
57712479925597743545
132102239587598865811
90935132504125598007
302602429713691531217
868408978852969129427
508487617288526726678
1667404765449997320087
2078334150712675159333
2498876704380459650792
1977870088605938411623
10059605963864903856467
10039821975728012960026
4850753158991004205883
34462652857121901732833
122178064753749151483404
20008664701438396952179
176091934723172085664447
118686459997057979775326
410659936844602246480249
431842951816863612018779
155231516254046936893893
958161361976226228774083
3050270106516875561247869
4766353020264024083441872
3475961316236026268179811
13367155822506997939611101
36404048898279362967202410
27484207590015015790701409
42408891356464358913610277
81673011728894944793177768
75539750597156937479878445
116532922971239826454867501
275107088863214617772316849
295815063239822465644435891
337475988180408287457574567
2555957209964469452187289081
2822201792067272456684096393
3385193626516821910931588807
2949307181794214273933583829
1556824903898669949035611331
8026321741715365022448506441
44335538742130460980997863624
1550917467447920189225739353
46920991788743181401363962021
60838819030173450214624837495
32892699704901462820862282593
110333641086523484064498919571
